-4.9975 1.66295e-12	100000	348.432
-4.9925 1.57543e-12	100000	348.432
-4.9875 1.80883e-12	100000	348.432
-4.9825 1.57543e-12	100000	348.432
-4.9775 1.66295e-12	100000	348.432
-4.9725 1.63378e-12	100000	348.432
-4.9675 1.4879e-12	100000	348.432
-4.9625 2.04222e-12	100000	348.432
-4.9575 1.37121e-12	100000	348.432
-4.9525 2.01305e-12	100000	348.432
-4.9475 1.57543e-12	100000	348.432
-4.9425 1.92552e-12	100000	348.432
-4.9375 1.4879e-12	100000	348.432
-4.9325 1.89635e-12	100000	348.432
-4.9275 1.7213e-12	100000	348.432
-4.9225 2.1881e-12	100000	348.432
-4.9175 1.92552e-12	100000	348.432
-4.9125 2.15892e-12	100000	348.432
-4.9075 1.98387e-12	100000	348.432
-4.9025 1.63378e-12	100000	348.432
-4.8975 1.92552e-12	100000	348.432
-4.8925 1.9547e-12	100000	348.432
-4.8875 1.57543e-12	100000	348.432
-4.8825 1.89635e-12	100000	348.432
-4.8775 1.63378e-12	100000	348.432
-4.8725 1.7213e-12	100000	348.432
-4.8675 1.42956e-12	100000	348.432
-4.8625 1.75048e-12	100000	348.432
-4.8575 1.37121e-12	100000	348.432
-4.8525 1.57543e-12	100000	348.432
-4.8475 1.40038e-12	100000	348.432
-4.8425 1.40038e-12	100000	348.432
-4.8375 1.28368e-12	100000	348.432
-4.8325 9.62762e-13	100000	348.432
-4.8275 1.34203e-12	100000	348.432
-4.8225 1.25451e-12	100000	348.432
-4.8175 1.22533e-12	100000	348.432
-4.8125 1.31286e-12	100000	348.432
-4.8075 1.16698e-12	100000	348.432
-4.8025 1.34203e-12	100000	348.432
-4.7975 9.91936e-13	100000	348.432
-4.7925 1.19616e-12	100000	348.432
-4.7875 1.05029e-12	100000	348.432
-4.7825 1.40038e-12	100000	348.432
-4.7775 9.33587e-13	100000	348.432
-4.7725 1.31286e-12	100000	348.432
-4.7675 1.02111e-12	100000	348.432
-4.7625 9.62762e-13	100000	348.432
-4.7575 1.05029e-12	100000	348.432
-4.7525 1.07946e-12	100000	348.432
-4.7475 9.04413e-13	100000	348.432
-4.7425 9.04413e-13	100000	348.432
-4.7375 7.29365e-13	100000	348.432
-4.7325 9.33587e-13	100000	348.432
-4.7275 8.16889e-13	100000	348.432
-4.7225 1.13781e-12	100000	348.432
-4.7175 8.75238e-13	100000	348.432
-4.7125 1.42956e-12	100000	348.432
-4.7075 7.0019e-13	100000	348.432
-4.7025 1.31286e-12	100000	348.432
-4.6975 8.46063e-13	100000	348.432
-4.6925 1.02111e-12	100000	348.432
-4.6875 1.16698e-12	100000	348.432
-4.6825 8.75238e-13	100000	348.432
-4.6775 1.10863e-12	100000	348.432
-4.6725 1.07946e-12	100000	348.432
-4.6675 1.07946e-12	100000	348.432
-4.6625 9.62762e-13	100000	348.432
-4.6575 9.91936e-13	100000	348.432
-4.6525 7.0019e-13	100000	348.432
-4.6475 9.62762e-13	100000	348.432
-4.6425 1.16698e-12	100000	348.432
-4.6375 7.29365e-13	100000	348.432
-4.6325 9.62762e-13	100000	348.432
-4.6275 5.54317e-13	100000	348.432
-4.6225 8.75238e-13	100000	348.432
-4.6175 7.0019e-13	100000	348.432
-4.6125 7.0019e-13	100000	348.432
-4.6075 6.41841e-13	100000	348.432
-4.6025 7.29365e-13	100000	348.432
-4.5975 5.54317e-13	100000	348.432
-4.5925 5.54317e-13	100000	348.432
-4.5875 6.71016e-13	100000	348.432
-4.5825 6.41841e-13	100000	348.432
-4.5775 6.12667e-13	100000	348.432
-4.5725 6.71016e-13	100000	348.432
-4.5675 6.12667e-13	100000	348.432
-4.5625 4.95968e-13	100000	348.432
-4.5575 4.95968e-13	100000	348.432
-4.5525 4.95968e-13	100000	348.432
-4.5475 4.37619e-13	100000	348.432
-4.5425 5.25143e-13	100000	348.432
-4.5375 4.08444e-13	100000	348.432
-4.5325 5.25143e-13	100000	348.432
-4.5275 4.08444e-13	100000	348.432
-4.5225 3.20921e-13	100000	348.432
-4.5175 2.62571e-13	100000	348.432
-4.5125 3.7927e-13	100000	348.432
-4.5075 3.50095e-13	100000	348.432
-4.5025 2.91746e-13	100000	348.432
-4.4975 6.12667e-13	100000	348.432
-4.4925 4.37619e-13	100000	348.432
-4.4875 6.12667e-13	100000	348.432
-4.4825 4.95968e-13	100000	348.432
-4.4775 4.08444e-13	100000	348.432
-4.4725 7.29365e-13	100000	348.432
-4.4675 3.20921e-13	100000	348.432
-4.4625 7.5854e-13	100000	348.432
-4.4575 4.95968e-13	100000	348.432
-4.4525 7.5854e-13	100000	348.432
-4.4475 6.71016e-13	100000	348.432
-4.4425 8.75238e-13	100000	348.432
-4.4375 6.71016e-13	100000	348.432
-4.4325 8.75238e-13	100000	348.432
-4.4275 9.62762e-13	100000	348.432
-4.4225 8.16889e-13	100000	348.432
-4.4175 9.33587e-13	100000	348.432
-4.4125 7.0019e-13	100000	348.432
-4.4075 1.02111e-12	100000	348.432
-4.4025 7.29365e-13	100000	348.432
-4.3975 6.71016e-13	100000	348.432
-4.3925 8.16889e-13	100000	348.432
-4.3875 5.54317e-13	100000	348.432
-4.3825 7.87714e-13	100000	348.432
-4.3775 6.71016e-13	100000	348.432
-4.3725 8.75238e-13	100000	348.432
-4.3675 7.0019e-13	100000	348.432
-4.3625 7.29365e-13	100000	348.432
-4.3575 6.41841e-13	100000	348.432
-4.3525 7.0019e-13	100000	348.432
-4.3475 6.71016e-13	100000	348.432
-4.3425 7.5854e-13	100000	348.432
-4.3375 4.95968e-13	100000	348.432
-4.3325 5.83492e-13	100000	348.432
-4.3275 5.83492e-13	100000	348.432
-4.3225 5.54317e-13	100000	348.432
-4.3175 3.7927e-13	100000	348.432
-4.3125 4.95968e-13	100000	348.432
-4.3075 1.75048e-13	100000	348.432
-4.3025 4.37619e-13	100000	348.432
-4.2975 1.16698e-13	100000	348.432
-4.2925 4.08444e-13	100000	348.432
-4.2875 1.16698e-13	100000	348.432
-4.2825 5.25143e-13	100000	348.432
-4.2775 2.33397e-13	100000	348.432
-4.2725 4.08444e-13	100000	348.432
-4.2675 4.37619e-13	100000	348.432
-4.2625 4.66794e-13	100000	348.432
-4.2575 2.62571e-13	100000	348.432
-4.2525 3.50095e-13	100000	348.432
-4.2475 2.33397e-13	100000	348.432
-4.2425 2.04222e-13	100000	348.432
-4.2375 8.75238e-14	100000	348.432
-4.2325 2.62571e-13	100000	348.432
-4.2275 -1.75048e-13	100000	348.432
-4.2225 1.75048e-13	100000	348.432
-4.2175 3.52779e-26	100000	348.432
-4.2125 2.91746e-14	100000	348.432
-4.2075 2.91746e-14	100000	348.432
-4.2025 8.75238e-14	100000	348.432
-4.1975 5.83492e-14	100000	348.432
-4.1925 2.04222e-13	100000	348.432
-4.1875 8.75238e-14	100000	348.432
-4.1825 5.83492e-14	100000	348.432
-4.1775 1.16698e-13	100000	348.432
-4.1725 8.75238e-14	100000	348.432
-4.1675 1.16698e-13	100000	348.432
-4.1625 5.83492e-14	100000	348.432
-4.1575 1.75048e-13	100000	348.432
-4.1525 8.75238e-14	100000	348.432
-4.1475 -5.83492e-14	100000	348.432
-4.1425 1.12965e-26	100000	348.432
-4.1375 -1.45873e-13	100000	348.432
-4.1325 -5.83492e-14	100000	348.432
-4.1275 -4.08444e-13	100000	348.432
-4.1225 -5.54317e-13	100000	348.432
-4.1175 -5.25143e-13	100000	348.432
-4.1125 -7.0019e-13	100000	348.432
-4.1075 -4.95968e-13	100000	348.432
-4.1025 -7.5854e-13	100000	348.432
-4.0975 -2.04222e-13	100000	348.432
-4.0925 -6.41841e-13	100000	348.432
-4.0875 -1.45873e-13	100000	348.432
-4.0825 -4.66794e-13	100000	348.432
-4.0775 -8.75238e-14	100000	348.432
-4.0725 -5.54317e-13	100000	348.432
-4.0675 -6.66303e-26	100000	348.432
-4.0625 -6.71016e-13	100000	348.432
-4.0575 -2.91746e-14	100000	348.432
-4.0525 -4.95968e-13	100000	348.432
-4.0475 -1.45873e-13	100000	348.432
-4.0425 -5.54317e-13	100000	348.432
-4.0375 -1.75048e-13	100000	348.432
-4.0325 -6.12667e-13	100000	348.432
-4.0275 -1.75048e-13	100000	348.432
-4.0225 -6.12667e-13	100000	348.432
-4.0175 -2.62571e-13	100000	348.432
-4.0125 -6.71016e-13	100000	348.432
-4.0075 -2.04222e-13	100000	348.432
-4.0025 -5.54317e-13	100000	348.432
-3.9975 -2.91746e-13	100000	348.432
-3.9925 -5.83492e-13	100000	348.432
-3.9875 -4.95968e-13	100000	348.432
-3.9825 -7.29365e-13	100000	348.432
-3.9775 -6.12667e-13	100000	348.432
-3.9725 -9.91936e-13	100000	348.432
-3.9675 -8.46063e-13	100000	348.432
-3.9625 -8.75238e-13	100000	348.432
-3.9575 -8.75238e-13	100000	348.432
-3.9525 -1.13781e-12	100000	348.432
-3.9475 -1.05029e-12	100000	348.432
-3.9425 -9.04413e-13	100000	348.432
-3.9375 -1.31286e-12	100000	348.432
-3.9325 -7.0019e-13	100000	348.432
-3.9275 -1.57543e-12	100000	348.432
-3.9225 -6.71016e-13	100000	348.432
-3.9175 -1.37121e-12	100000	348.432
-3.9125 -9.62762e-13	100000	348.432
-3.9075 -1.37121e-12	100000	348.432
-3.9025 -1.07946e-12	100000	348.432
-3.8975 -1.02111e-12	100000	348.432
-3.8925 -1.05029e-12	100000	348.432
-3.8875 -1.13781e-12	100000	348.432
-3.8825 -8.46063e-13	100000	348.432
-3.8775 -1.31286e-12	100000	348.432
-3.8725 -8.75238e-13	100000	348.432
-3.8675 -8.46063e-13	100000	348.432
-3.8625 -8.16889e-13	100000	348.432
-3.8575 -9.62762e-13	100000	348.432
-3.8525 -7.0019e-13	100000	348.432
-3.8475 -9.62762e-13	100000	348.432
-3.8425 -4.66794e-13	100000	348.432
-3.8375 -7.29365e-13	100000	348.432
-3.8325 -2.62571e-13	100000	348.432
-3.8275 -5.83492e-13	100000	348.432
-3.8225 -2.91746e-13	100000	348.432
-3.8175 -5.54317e-13	100000	348.432
-3.8125 -5.83492e-14	100000	348.432
-3.8075 -3.20921e-13	100000	348.432
-3.8025 -1.75048e-13	100000	348.432
-3.7975 -1.75048e-13	100000	348.432
-3.7925 -1.45873e-13	100000	348.432
-3.7875 -2.91746e-13	100000	348.432
-3.7825 5.83492e-14	100000	348.432
-3.7775 -4.37619e-13	100000	348.432
-3.7725 5.83492e-14	100000	348.432
-3.7675 -4.08444e-13	100000	348.432
-3.7625 -3.96923e-26	100000	348.432
-3.7575 -1.75048e-13	100000	348.432
-3.7525 -4.71928e-26	100000	348.432
-3.7475 2.91746e-14	100000	348.432
-3.7425 2.91746e-14	100000	348.432
-3.7375 -1.45873e-13	100000	348.432
-3.7325 -2.33397e-13	100000	348.432
-3.7275 -2.04222e-13	100000	348.432
-3.7225 -2.62571e-13	100000	348.432
-3.7175 -1.75048e-13	100000	348.432
-3.7125 -1.75048e-13	100000	348.432
-3.7075 -2.04222e-13	100000	348.432
-3.7025 -8.75238e-14	100000	348.432
-3.6975 -2.62571e-13	100000	348.432
-3.6925 -8.75238e-14	100000	348.432
-3.6875 -2.62571e-13	100000	348.432
-3.6825 -2.91746e-14	100000	348.432
-3.6775 -5.25143e-13	100000	348.432
-3.6725 -2.63669e-26	100000	348.432
-3.6675 -3.50095e-13	100000	348.432
-3.6625 1.75048e-13	100000	348.432
-3.6575 -2.62571e-13	100000	348.432
-3.6525 5.83492e-14	100000	348.432
-3.6475 -1.75048e-13	100000	348.432
-3.6425 8.75238e-14	100000	348.432
-3.6375 -2.91746e-13	100000	348.432
-3.6325 1.45873e-13	100000	348.432
-3.6275 -4.66794e-13	100000	348.432
-3.6225 1.16698e-13	100000	348.432
-3.6175 -2.91746e-13	100000	348.432
-3.6125 -7.01897e-26	100000	348.432
-3.6075 -3.7927e-13	100000	348.432
-3.6025 2.91746e-14	100000	348.432
-3.5975 -6.71016e-13	100000	348.432
-3.5925 -1.16698e-13	100000	348.432
-3.5875 -5.25143e-13	100000	348.432
-3.5825 -5.97553e-26	100000	348.432
-3.5775 -3.50095e-13	100000	348.432
-3.5725 2.91746e-14	100000	348.432
-3.5675 -2.04222e-13	100000	348.432
-3.5625 -8.75238e-14	100000	348.432
-3.5575 -1.75048e-13	100000	348.432
-3.5525 -3.50095e-13	100000	348.432
-3.5475 -3.20921e-13	100000	348.432
-3.5425 -3.7927e-13	100000	348.432
-3.5375 -2.91746e-13	100000	348.432
-3.5325 -3.50095e-13	100000	348.432
-3.5275 -3.50095e-13	100000	348.432
-3.5225 -2.91746e-13	100000	348.432
-3.5175 -4.95968e-13	100000	348.432
-3.5125 -3.50095e-13	100000	348.432
-3.5075 -4.66794e-13	100000	348.432
-3.5025 -3.20921e-13	100000	348.432
-3.4975 -4.37619e-13	100000	348.432
-3.4925 -1.45873e-13	100000	348.432
-3.4875 -3.20921e-13	100000	348.432
-3.4825 1.16698e-13	100000	348.432
-3.4775 -2.33397e-13	100000	348.432
-3.4725 2.33397e-13	100000	348.432
-3.4675 1.45873e-13	100000	348.432
-3.4625 5.54317e-13	100000	348.432
-3.4575 5.54317e-13	100000	348.432
-3.4525 1.13781e-12	100000	348.432
-3.4475 1.63378e-12	100000	348.432
-3.4425 2.56736e-12	100000	348.432
-3.4375 3.5593e-12	100000	348.432
-3.4325 4.84298e-12	100000	348.432
-3.4275 6.82686e-12	100000	348.432
-3.4225 9.3067e-12	100000	348.432
-3.4175 1.27201e-11	100000	348.432
-3.4125 1.77673e-11	100000	348.432
-3.4075 2.35147e-11	100000	348.432
-3.4025 3.22379e-11	100000	348.432
-3.3975 4.28575e-11	100000	348.432
-3.3925 5.84659e-11	100000	348.432
-3.3875 7.77795e-11	100000	348.432
-3.3825 1.04708e-10	100000	348.432
-3.3775 1.39834e-10	100000	348.432
-3.3725 1.86834e-10	100000	348.432
-3.3675 2.47955e-10	100000	348.432
-3.3625 3.3049e-10	100000	348.432
-3.3575 4.38378e-10	100000	348.432
-3.3525 5.81333e-10	100000	348.432
-3.3475 7.69568e-10	100000	348.432
-3.3425 1.01679e-09	100000	348.432
-3.3375 1.34183e-09	100000	348.432
-3.3325 1.76856e-09	100000	348.432
-3.3275 2.32662e-09	100000	348.432
-3.3225 3.05776e-09	100000	348.432
-3.3175 4.01037e-09	100000	348.432
-3.3125 5.25458e-09	100000	348.432
-3.3075 6.87246e-09	100000	348.432
-3.3025 8.9772e-09	100000	348.432
-3.2975 1.17064e-08	100000	348.432
-3.2925 1.52449e-08	100000	348.432
-3.2875 1.9823e-08	100000	348.432
-3.2825 2.57363e-08	100000	348.432
-3.2775 3.33642e-08	100000	348.432
-3.2725 4.31869e-08	100000	348.432
-3.2675 5.5819e-08	100000	348.432
-3.2625 7.2034e-08	100000	348.432
-3.2575 9.28185e-08	100000	348.432
-3.2525 1.19419e-07	100000	348.432
-3.2475 1.53406e-07	100000	348.432
-3.2425 1.96763e-07	100000	348.432
-3.2375 2.51986e-07	100000	348.432
-3.2325 3.22207e-07	100000	348.432
-3.2275 4.11358e-07	100000	348.432
-3.2225 5.24359e-07	100000	348.432
-3.2175 6.67354e-07	100000	348.432
-3.2125 8.48017e-07	100000	348.432
-3.2075 1.07589e-06	100000	348.432
-3.2025 1.36285e-06	100000	348.432
-3.1975 1.7236e-06	100000	348.432
-3.1925 2.17639e-06	100000	348.432
-3.1875 2.74374e-06	100000	348.432
-3.1825 3.45346e-06	100000	348.432
-3.1775 4.33979e-06	100000	348.432
-3.1725 5.4448e-06	100000	348.432
-3.1675 6.82014e-06	100000	348.432
-3.1625 8.52904e-06	100000	348.432
-3.1575 1.06488e-05	100000	348.432
-3.1525 1.32736e-05	100000	348.432
-3.1475 1.65184e-05	100000	348.432
-3.1425 2.05225e-05	100000	348.432
-3.1375 2.54553e-05	100000	348.432
-3.1325 3.15213e-05	100000	348.432
-3.1275 3.89681e-05	100000	348.432
-3.1225 4.80938e-05	100000	348.432
-3.1175 5.92574e-05	100000	348.432
-3.1125 7.28898e-05	100000	348.432
-3.1075 8.95072e-05	100000	348.432
-3.1025 0.000109727	100000	348.432
-3.0975 0.000134287	100000	348.432
-3.0925 0.000164064	99999.9	348.432
-3.0875 0.000200102	99999.9	348.432
-3.0825 0.000243637	99999.9	348.432
-3.0775 0.000296133	99999.9	348.432
-3.0725 0.000359319	99999.9	348.432
-3.0675 0.000435232	99999.8	348.432
-3.0625 0.000526266	99999.8	348.432
-3.0575 0.00063523	99999.8	348.432
-3.0525 0.000765413	99999.7	348.432
-3.0475 0.000920654	99999.7	348.432
-3.0425 0.00110543	99999.6	348.432
-3.0375 0.00132494	99999.5	348.432
-3.0325 0.00158521	99999.4	348.431
-3.0275 0.00189324	99999.3	348.431
-3.0225 0.00225707	99999.2	348.431
-3.0175 0.002686	99999	348.431
-3.0125 0.00319067	99998.8	348.431
-3.0075 0.00378332	99998.6	348.431
-3.0025 0.0044779	99998.3	348.43
-2.9975 0.00529036	99998	348.43
-2.9925 0.00623881	99997.7	348.43
-2.9875 0.00734382	99997.3	348.429
-2.9825 0.00862864	99996.8	348.429
-2.9775 0.0101195	99996.2	348.428
-2.9725 0.0118461	99995.6	348.428
-2.9675 0.0138414	99994.8	348.427
-2.9625 0.0161428	99994	348.426
-2.9575 0.0187915	99993	348.425
-2.9525 0.0218339	99991.9	348.424
-2.9475 0.0253212	99990.6	348.423
-2.9425 0.0293101	99989.1	348.421
-2.9375 0.0338633	99987.4	348.419
-2.9325 0.0390496	99985.4	348.417
-2.9275 0.0449448	99983.2	348.415
-2.9225 0.0516314	99980.7	348.413
-2.9175 0.0591997	99977.9	348.41
-2.9125 0.0677477	99974.7	348.407
-2.9075 0.0773816	99971.1	348.403
-2.9025 0.088216	99967.1	348.399
-2.8975 0.100374	99962.5	348.395
-2.8925 0.113989	99957.5	348.39
-2.8875 0.129201	99951.8	348.384
-2.8825 0.146162	99945.5	348.378
-2.8775 0.165032	99938.4	348.371
-2.8725 0.185979	99930.6	348.363
-2.8675 0.209182	99921.9	348.354
-2.8625 0.234829	99912.4	348.345
-2.8575 0.263115	99901.8	348.334
-2.8525 0.294243	99890.2	348.322
-2.8475 0.328427	99877.4	348.31
-2.8425 0.365883	99863.5	348.296
-2.8375 0.406838	99848.2	348.28
-2.8325 0.451522	99831.5	348.264
-2.8275 0.50017	99813.3	348.246
-2.8225 0.553021	99793.6	348.226
-2.8175 0.610318	99772.3	348.205
-2.8125 0.672304	99749.1	348.182
-2.8075 0.739222	99724.2	348.157
-2.8025 0.811315	99697.3	348.13
-2.7975 0.888825	99668.4	348.101
-2.7925 0.971989	99637.4	348.07
-2.7875 1.06104	99604.3	348.037
-2.7825 1.15621	99568.8	348.001
-2.7775 1.25771	99531	347.964
-2.7725 1.36576	99490.8	347.923
-2.7675 1.48056	99448.1	347.881
-2.7625 1.60231	99402.8	347.835
-2.7575 1.73118	99354.9	347.787
-2.7525 1.86734	99304.3	347.736
-2.7475 2.01095	99251	347.683
-2.7425 2.16216	99194.8	347.627
-2.7375 2.32109	99135.8	347.568
-2.7325 2.48785	99074	347.505
-2.7275 2.66254	99009.2	347.44
-2.7225 2.84526	98941.5	347.372
-2.7175 3.03605	98870.8	347.301
-2.7125 3.23499	98797.2	347.227
-2.7075 3.4421	98720.6	347.15
-2.7025 3.6574	98641	347.07
-2.6975 3.88092	98558.5	346.987
-2.6925 4.11263	98473	346.901
-2.6875 4.35253	98384.5	346.812
-2.6825 4.60057	98293.1	346.719
-2.6775 4.85672	98198.8	346.624
-2.6725 5.1209	98101.6	346.526
-2.6675 5.39307	98001.5	346.425
-2.6625 5.67313	97898.7	346.321
-2.6575 5.961	97793	346.214
-2.6525 6.25658	97684.7	346.104
-2.6475 6.55976	97573.7	345.991
-2.6425 6.87044	97460	345.876
-2.6375 7.18848	97343.7	345.758
-2.6325 7.51377	97225	345.637
-2.6275 7.84618	97103.7	345.514
-2.6225 8.18556	96980.1	345.388
-2.6175 8.53178	96854.1	345.26
-2.6125 8.8847	96725.8	345.129
-2.6075 9.24417	96595.3	344.995
-2.6025 9.61005	96462.6	344.86
-2.5975 9.98219	96327.8	344.722
-2.5925 10.3604	96190.9	344.582
-2.5875 10.7446	96052.1	344.439
-2.5825 11.1347	95911.3	344.295
-2.5775 11.5303	95768.7	344.148
-2.5725 11.9315	95624.3	344
-2.5675 12.3381	95478.1	343.849
-2.5625 12.7499	95330.2	343.697
-2.5575 13.1668	95180.8	343.543
-2.5525 13.5886	95029.7	343.387
-2.5475 14.0152	94877.2	343.229
-2.5425 14.4465	94723.2	343.069
-2.5375 14.8823	94567.8	342.908
-2.5325 15.3225	94411	342.746
-2.5275 15.767	94253	342.581
-2.5225 16.2157	94093.7	342.416
-2.5175 16.6683	93933.2	342.249
-2.5125 17.1249	93771.6	342.08
-2.5075 17.5853	93608.9	341.91
-2.5025 18.0493	93445.1	341.739
-2.4975 18.5169	93280.3	341.566
-2.4925 18.988	93114.5	341.393
-2.4875 19.4624	92947.9	341.218
-2.4825 19.94	92780.3	341.042
-2.4775 20.4209	92611.9	340.865
-2.4725 20.9047	92442.7	340.686
-2.4675 21.3916	92272.7	340.507
-2.4625 21.8813	92102	340.327
-2.4575 22.3738	91930.6	340.145
-2.4525 22.869	91758.5	339.963
-2.4475 23.3668	91585.8	339.78
-2.4425 23.8672	91412.5	339.596
-2.4375 24.3701	91238.6	339.411
-2.4325 24.8753	91064.2	339.225
-2.4275 25.3829	90889.3	339.039
-2.4225 25.8927	90713.9	338.852
-2.4175 26.4047	90538	338.664
-2.4125 26.9188	90361.7	338.475
-2.4075 27.435	90184.9	338.285
-2.4025 27.9532	90007.8	338.095
-2.3975 28.4733	89830.4	337.904
-2.3925 28.9953	89652.6	337.713
-2.3875 29.5191	89474.4	337.521
-2.3825 30.0447	89296	337.328
-2.3775 30.572	89117.3	337.135
-2.3725 31.101	88938.4	336.941
-2.3675 31.6316	88759.2	336.747
-2.3625 32.1638	88579.7	336.552
-2.3575 32.6975	88400.1	336.357
-2.3525 33.2328	88220.3	336.161
-2.3475 33.7694	88040.3	335.965
-2.3425 34.3075	87860.2	335.768
-2.3375 34.8469	87679.9	335.571
-2.3325 35.3877	87499.5	335.373
-2.3275 35.9297	87319	335.175
-2.3225 36.473	87138.4	334.977
-2.3175 37.0175	86957.7	334.778
-2.3125 37.5632	86776.9	334.579
-2.3075 38.1101	86596.1	334.379
-2.3025 38.6581	86415.2	334.179
-2.2975 39.2071	86234.3	333.979
-2.2925 39.7573	86053.4	333.778
-2.2875 40.3085	85872.4	333.578
-2.2825 40.8606	85691.5	333.376
-2.2775 41.4138	85510.5	333.175
-2.2725 41.9679	85329.6	332.973
-2.2675 42.5229	85148.7	332.771
-2.2625 43.0788	84967.8	332.569
-2.2575 43.6357	84787	332.366
-2.2525 44.1933	84606.2	332.163
-2.2475 44.7518	84425.5	331.96
-2.2425 45.3112	84244.9	331.757
-2.2375 45.8713	84064.3	331.553
-2.2325 46.4321	83883.8	331.35
-2.2275 46.9938	83703.4	331.146
-2.2225 47.5561	83523.1	330.942
-2.2175 48.1192	83343	330.737
-2.2125 48.683	83162.9	330.533
-2.2075 49.2475	82982.9	330.328
-2.2025 49.8126	82803.1	330.123
-2.1975 50.3783	82623.4	329.918
-2.1925 50.9447	82443.8	329.713
-2.1875 51.5117	82264.4	329.507
-2.1825 52.0794	82085.1	329.302
-2.1775 52.6475	81905.9	329.096
-2.1725 53.2163	81727	328.89
-2.1675 53.7856	81548.1	328.684
-2.1625 54.3555	81369.5	328.478
-2.1575 54.9259	81191	328.272
-2.1525 55.4968	81012.7	328.065
-2.1475 56.0683	80834.5	327.859
-2.1425 56.6402	80656.6	327.652
-2.1375 57.2126	80478.8	327.446
-2.1325 57.7855	80301.2	327.239
-2.1275 58.3588	80123.8	327.032
-2.1225 58.9326	79946.7	326.825
-2.1175 59.5068	79769.7	326.618
-2.1125 60.0815	79592.9	326.41
-2.1075 60.6566	79416.3	326.203
-2.1025 61.2321	79239.9	325.996
-2.0975 61.808	79063.8	325.788
-2.0925 62.3843	78887.8	325.581
-2.0875 62.961	78712.1	325.373
-2.0825 63.5381	78536.6	325.165
-2.0775 64.1155	78361.3	324.958
-2.0725 64.6933	78186.2	324.75
-2.0675 65.2714	78011.4	324.542
-2.0625 65.8499	77836.8	324.334
-2.0575 66.4288	77662.4	324.126
-2.0525 67.0079	77488.3	323.918
-2.0475 67.5874	77314.4	323.71
-2.0425 68.1672	77140.8	323.502
-2.0375 68.7474	76967.3	323.294
-2.0325 69.3278	76794.2	323.085
-2.0275 69.9085	76621.3	322.877
-2.0225 70.4895	76448.6	322.669
-2.0175 71.0708	76276.1	322.461
-2.0125 71.6524	76104	322.252
-2.0075 72.2343	75932	322.044
-2.0025 72.8164	75760.4	321.835
-1.9975 73.3988	75588.9	321.627
-1.9925 73.9814	75417.8	321.418
-1.9875 74.5643	75246.9	321.21
-1.9825 75.1475	75076.2	321.001
-1.9775 75.7309	74905.8	320.793
-1.9725 76.3145	74735.7	320.584
-1.9675 76.8984	74565.9	320.376
-1.9625 77.4825	74396.3	320.167
-1.9575 78.0668	74226.9	319.958
-1.9525 78.6514	74057.9	319.75
-1.9475 79.2362	73889.1	319.541
-1.9425 79.8211	73720.5	319.332
-1.9375 80.4063	73552.3	319.124
-1.9325 80.9917	73384.3	318.915
-1.9275 81.5773	73216.6	318.706
-1.9225 82.1631	73049.1	318.498
-1.9175 82.7491	72882	318.289
-1.9125 83.3352	72715.1	318.08
-1.9075 83.9216	72548.4	317.872
-1.9025 84.5081	72382.1	317.663
-1.8975 85.0949	72216	317.454
-1.8925 85.6818	72050.2	317.246
-1.8875 86.2688	71884.7	317.037
-1.8825 86.8561	71719.5	316.829
-1.8775 87.4435	71554.5	316.62
-1.8725 88.031	71389.8	316.411
-1.8675 88.6188	71225.4	316.203
-1.8625 89.2067	71061.3	315.994
-1.8575 89.7947	70897.5	315.786
-1.8525 90.3829	70733.9	315.577
-1.8475 90.9712	70570.7	315.368
-1.8425 91.5597	70407.7	315.16
-1.8375 92.1484	70244.9	314.951
-1.8325 92.7371	70082.5	314.743
-1.8275 93.326	69920.4	314.534
-1.8225 93.9151	69758.5	314.326
-1.8175 94.5043	69597	314.117
-1.8125 95.0936	69435.7	313.909
-1.8075 95.683	69274.7	313.701
-1.8025 96.2726	69113.9	313.492
-1.7975 96.8623	68953.5	313.284
-1.7925 97.4521	68793.4	313.076
-1.7875 98.042	68633.5	312.867
-1.7825 98.6321	68473.9	312.659
-1.7775 99.2222	68314.6	312.451
-1.7725 99.8125	68155.7	312.243
-1.7675 100.403	67996.9	312.034
-1.7625 100.993	67838.5	311.826
-1.7575 101.584	67680.4	311.618
-1.7525 102.175	67522.5	311.41
-1.7475 102.766	67365	311.202
-1.7425 103.356	67207.7	310.994
-1.7375 103.947	67050.7	310.786
-1.7325 104.539	66894	310.578
-1.7275 105.13	66737.6	310.37
-1.7225 105.721	66581.5	310.162
-1.7175 106.313	66425.7	309.954
-1.7125 106.904	66270.1	309.747
-1.7075 107.496	66114.9	309.539
-1.7025 108.087	65959.9	309.331
-1.6975 108.679	65805.2	309.123
-1.6925 109.271	65650.8	308.916
-1.6875 109.863	65496.7	308.708
-1.6825 110.455	65342.9	308.501
-1.6775 111.047	65189.4	308.293
-1.6725 111.639	65036.2	308.086
-1.6675 112.231	64883.2	307.878
-1.6625 112.824	64730.6	307.671
-1.6575 113.416	64578.2	307.463
-1.6525 114.008	64426.1	307.256
-1.6475 114.601	64274.3	307.049
-1.6425 115.194	64122.8	306.842
-1.6375 115.786	63971.6	306.634
-1.6325 116.379	63820.7	306.427
-1.6275 116.972	63670.1	306.22
-1.6225 117.565	63519.7	306.013
-1.6175 118.158	63369.7	305.806
-1.6125 118.751	63219.9	305.599
-1.6075 119.344	63070.4	305.392
-1.6025 119.937	62921.2	305.185
-1.5975 120.53	62772.3	304.979
-1.5925 121.123	62623.7	304.772
-1.5875 121.717	62475.3	304.565
-1.5825 122.31	62327.3	304.358
-1.5775 122.903	62179.5	304.152
-1.5725 123.497	62032.1	303.945
-1.5675 124.09	61884.9	303.739
-1.5625 124.684	61738	303.532
-1.5575 125.278	61591.4	303.326
-1.5525 125.871	61445	303.12
-1.5475 126.465	61299	302.913
-1.5425 127.059	61153.3	302.707
-1.5375 127.653	61007.8	302.501
-1.5325 128.246	60862.6	302.295
-1.5275 128.84	60717.7	302.089
-1.5225 129.434	60573.1	301.883
-1.5175 130.028	60428.8	301.677
-1.5125 130.622	60284.7	301.471
-1.5075 131.216	60141	301.265
-1.5025 131.811	59997.5	301.059
-1.4975 132.405	59854.3	300.853
-1.4925 132.999	59711.4	300.648
-1.4875 133.593	59568.8	300.442
-1.4825 134.187	59426.4	300.236
-1.4775 134.782	59284.4	300.031
-1.4725 135.376	59142.6	299.825
-1.4675 135.97	59001.1	299.62
-1.4625 136.565	58859.9	299.415
-1.4575 137.159	58719	299.209
-1.4525 137.754	58578.3	299.004
-1.4475 138.348	58438	298.799
-1.4425 138.943	58297.9	298.594
-1.4375 139.537	58158.1	298.389
-1.4325 140.132	58018.6	298.184
-1.4275 140.726	57879.3	297.979
-1.4225 141.321	57740.4	297.774
-1.4175 141.916	57601.7	297.569
-1.4125 142.51	57463.3	297.365
-1.4075 143.105	57325.2	297.16
-1.4025 143.7	57187.4	296.955
-1.3975 144.294	57049.8	296.751
-1.3925 144.889	56912.5	296.546
-1.3875 145.484	56775.5	296.342
-1.3825 146.079	56638.8	296.137
-1.3775 146.674	56502.3	295.933
-1.3725 147.268	56366.2	295.729
-1.3675 147.863	56230.3	295.525
-1.3625 148.458	56094.7	295.321
-1.3575 149.053	55959.3	295.117
-1.3525 149.648	55824.3	294.913
-1.3475 150.243	55689.5	294.709
-1.3425 150.838	55555	294.505
-1.3375 151.433	55420.8	294.301
-1.3325 152.028	55286.8	294.097
-1.3275 152.623	55153.1	293.894
-1.3225 153.218	55019.7	293.69
-1.3175 153.812	54886.6	293.487
-1.3125 154.407	54753.7	293.283
-1.3075 155.002	54621.1	293.08
-1.3025 155.597	54488.8	292.877
-1.2975 156.192	54356.8	292.673
-1.2925 156.787	54225	292.47
-1.2875 157.383	54093.5	292.267
-1.2825 157.978	53962.3	292.064
-1.2775 158.573	53831.4	291.861
-1.2725 159.168	53700.7	291.658
-1.2675 159.763	53570.3	291.455
-1.2625 160.358	53440.2	291.252
-1.2575 160.953	53310.3	291.05
-1.2525 161.548	53180.7	290.847
-1.2475 162.143	53051.4	290.646
-1.2425 162.738	52922.3	290.441
-1.2375 163.333	52793.5	290.241
-1.2325 163.928	52665	290.035
-1.2275 164.523	52536.8	289.838
-1.2225 165.118	52408.8	289.629
-1.2175 165.713	52281.1	289.436
-1.2125 166.308	52153.7	289.223
-1.2075 166.903	52026.5	289.034
-1.2025 167.498	51899.6	288.817
-1.1975 168.093	51772.9	288.633
-1.1925 168.688	51646.6	288.411
-1.1875 169.283	51520.5	288.231
-1.1825 169.878	51394.6	288.006
-1.1775 170.473	51269.1	287.828
-1.1725 171.068	51143.7	287.604
-1.1675 171.663	51018.7	287.424
-1.1625 172.258	50893.9	287.203
-1.1575 172.853	50769.4	287.019
-1.1525 173.447	50645.2	286.804
-1.1475 174.042	50521.2	286.613
-1.1425 174.637	50397.4	286.405
-1.1375 175.232	50274	286.208
-1.1325 175.827	50150.8	286.006
-1.1275 176.422	50027.9	285.805
-1.1225 177.016	49905.2	285.605
-1.1175 177.611	49782.8	285.403
-1.1125 178.206	49660.6	285.204
-1.1075 178.801	49538.7	285.003
-1.1025 179.395	49417.1	284.803
-1.0975 179.99	49295.7	284.602
-1.0925 180.585	49174.6	284.402
-1.0875 181.179	49053.8	284.202
-1.0825 181.774	48933.2	284.002
-1.0775 182.369	48812.9	283.802
-1.0725 182.963	48692.8	283.602
-1.0675 183.558	48573	283.402
-1.0625 184.152	48453.5	283.202
-1.0575 184.747	48334.2	283.003
-1.0525 185.341	48215.1	282.803
-1.0475 185.935	48096.4	282.603
-1.0425 186.53	47977.8	282.404
-1.0375 187.124	47859.6	282.205
-1.0325 187.718	47741.6	282.005
-1.0275 188.313	47623.8	281.806
-1.0225 188.907	47506.3	281.607
-1.0175 189.501	47389.1	281.408
-1.0125 190.095	47272.1	281.209
-1.0075 190.689	47155.4	281.01
-1.0025 191.283	47038.9	280.811
-0.9975 191.877	46922.7	280.613
-0.9925 192.471	46806.7	280.414
-0.9875 193.065	46691	280.215
-0.9825 193.659	46575.6	280.017
-0.9775 194.253	46460.4	279.819
-0.9725 194.847	46345.4	279.62
-0.9675 195.441	46230.7	279.422
-0.9625 196.034	46116.3	279.224
-0.9575 196.628	46002.1	279.026
-0.9525 197.222	45888.2	278.828
-0.9475 197.815	45774.5	278.63
-0.9425 198.409	45661.1	278.433
-0.9375 199.002	45547.9	278.235
-0.9325 199.595	45435	278.037
-0.9275 200.189	45322.3	277.84
-0.9225 200.782	45209.9	277.642
-0.9175 201.375	45097.7	277.445
-0.9125 201.968	44985.8	277.248
-0.9075 202.561	44874.1	277.051
-0.9025 203.154	44762.7	276.854
-0.8975 203.747	44651.5	276.657
-0.8925 204.34	44540.6	276.46
-0.8875 204.933	44429.9	276.263
-0.8825 205.526	44319.5	276.067
-0.8775 206.118	44209.3	275.87
-0.8725 206.711	44099.4	275.673
-0.8675 207.303	43989.7	275.477
-0.8625 207.896	43880.3	275.281
-0.8575 208.488	43771.1	275.085
-0.8525 209.08	43662.1	274.889
-0.8475 209.672	43553.5	274.693
-0.8425 210.264	43445	274.497
-0.8375 210.856	43336.8	274.301
-0.8325 211.448	43228.9	274.105
-0.8275 212.04	43121.2	273.91
-0.8225 212.632	43013.8	273.714
-0.8175 213.223	42906.6	273.519
-0.8125 213.815	42799.6	273.324
-0.8075 214.406	42692.9	273.129
-0.8025 214.997	42586.4	272.933
-0.7975 215.589	42480.2	272.739
-0.7925 216.18	42374.3	272.544
-0.7875 216.771	42268.6	272.349
-0.7825 217.361	42163.1	272.154
-0.7775 217.952	42057.9	271.96
-0.7725 218.543	41952.9	271.765
-0.7675 219.133	41848.2	271.571
-0.7625 219.723	41743.7	271.377
-0.7575 220.314	41639.4	271.183
-0.7525 220.904	41535.5	270.989
-0.7475 221.494	41431.7	270.795
-0.7425 222.083	41328.2	270.601
-0.7375 222.673	41225	270.408
-0.7325 223.263	41122	270.214
-0.7275 223.852	41019.2	270.021
-0.7225 224.441	40916.7	269.828
-0.7175 225.03	40814.4	269.634
-0.7125 225.619	40712.4	269.442
-0.7075 226.208	40610.7	269.248
-0.7025 226.796	40509.2	269.056
-0.6975 227.384	40407.9	268.863
-0.6925 227.973	40306.9	268.671
-0.6875 228.56	40206.1	268.478
-0.6825 229.148	40105.6	268.286
-0.6775 229.736	40005.3	268.094
-0.6725 230.323	39905.3	267.902
-0.6675 230.91	39805.5	267.71
-0.6625 231.497	39706	267.519
-0.6575 232.084	39606.7	267.327
-0.6525 232.671	39507.7	267.136
-0.6475 233.257	39408.9	266.944
-0.6425 233.843	39310.4	266.753
-0.6375 234.429	39212.1	266.562
-0.6325 235.014	39114.1	266.371
-0.6275 235.6	39016.3	266.18
-0.6225 236.185	38918.8	265.99
-0.6175 236.769	38821.5	265.8
-0.6125 237.354	38724.5	265.61
-0.6075 237.938	38627.8	265.419
-0.6025 238.522	38531.3	265.23
-0.5975 239.105	38435	265.04
-0.5925 239.689	38339.1	264.85
-0.5875 240.272	38243.3	264.661
-0.5825 240.854	38147.9	264.472
-0.5775 241.437	38052.7	264.283
-0.5725 242.018	37957.7	264.094
-0.5675 242.6	37863.1	263.905
-0.5625 243.181	37768.6	263.717
-0.5575 243.762	37674.5	263.529
-0.5525 244.342	37580.6	263.341
-0.5475 244.922	37487	263.153
-0.5425 245.502	37393.6	262.965
-0.5375 246.081	37300.5	262.778
-0.5325 246.66	37207.7	262.59
-0.5275 247.238	37115.2	262.403
-0.5225 247.816	37022.9	262.217
-0.5175 248.393	36930.9	262.03
-0.5125 248.97	36839.2	261.844
-0.5075 249.546	36747.8	261.658
-0.5025 250.121	36656.6	261.472
-0.4975 250.697	36565.7	261.286
-0.4925 251.271	36475.1	261.101
-0.4875 251.845	36384.8	260.916
-0.4825 252.418	36294.8	260.731
-0.4775 252.991	36205.1	260.546
-0.4725 253.563	36115.7	260.362
-0.4675 254.134	36026.5	260.178
-0.4625 254.705	35937.7	259.995
-0.4575 255.274	35849.2	259.811
-0.4525 255.843	35760.9	259.628
-0.4475 256.412	35673	259.445
-0.4425 256.979	35585.4	259.263
-0.4375 257.546	35498.1	259.081
-0.4325 258.111	35411.2	258.899
-0.4275 258.676	35324.5	258.718
-0.4225 259.24	35238.2	258.537
-0.4175 259.803	35152.2	258.356
-0.4125 260.365	35066.5	258.176
-0.4075 260.925	34981.2	257.997
-0.4025 261.485	34896.2	257.817
-0.3975 262.043	34811.6	257.638
-0.3925 262.601	34727.4	257.46
-0.3875 263.157	34643.5	257.282
-0.3825 263.711	34559.9	257.104
-0.3775 264.265	34476.8	256.927
-0.3725 264.817	34394	256.751
-0.3675 265.367	34311.6	256.575
-0.3625 265.916	34229.6	256.399
-0.3575 266.464	34148	256.224
-0.3525 267.01	34066.8	256.05
-0.3475 267.554	33986	255.877
-0.3425 268.096	33905.6	255.703
-0.3375 268.637	33825.7	255.531
-0.3325 269.175	33746.2	255.359
-0.3275 269.712	33667.2	255.188
-0.3225 270.246	33588.6	255.018
-0.3175 270.779	33510.6	254.849
-0.3125 271.309	33433	254.68
-0.3075 271.836	33355.8	254.512
-0.3025 272.362	33279.3	254.345
-0.2975 272.884	33203.2	254.179
-0.2925 273.404	33127.7	254.014
-0.2875 273.921	33052.7	253.849
-0.2825 274.435	32978.3	253.686
-0.2775 274.947	32904.4	253.524
-0.2725 275.454	32831.2	253.363
-0.2675 275.959	32758.6	253.203
-0.2625 276.46	32686.6	253.044
-0.2575 276.958	32615.2	252.886
-0.2525 277.452	32544.6	252.73
-0.2475 277.941	32474.6	252.575
-0.2425 278.427	32405.3	252.421
-0.2375 278.908	32336.8	252.269
-0.2325 279.385	32269	252.118
-0.2275 279.858	32202	251.969
-0.2225 280.325	32135.8	251.821
-0.2175 280.787	32070.5	251.675
-0.2125 281.244	32005.9	251.531
-0.2075 281.696	31942.3	251.388
-0.2025 282.141	31879.6	251.248
-0.1975 282.581	31817.8	251.109
-0.1925 283.015	31757	250.973
-0.1875 283.442	31697.1	250.838
-0.1825 283.863	31638.3	250.706
-0.1775 284.276	31580.6	250.576
-0.1725 284.682	31523.9	250.448
-0.1675 285.081	31468.4	250.323
-0.1625 285.472	31414	250.2
-0.1575 285.855	31360.8	250.08
-0.1525 286.23	31308.8	249.963
-0.1475 286.597	31258	249.848
-0.1425 286.954	31208.5	249.736
-0.1375 287.303	31160.4	249.627
-0.1325 287.642	31113.5	249.521
-0.1275 287.972	31068	249.418
-0.1225 288.292	31024	249.318
-0.1175 288.602	30981.3	249.221
-0.1125 288.901	30940.1	249.128
-0.1075 289.191	30900.3	249.038
-0.1025 289.469	30862	248.951
-0.0975000000001 289.738	30825.2	248.868
-0.0925000000001 289.995	30790	248.788
-0.0875000000001 290.241	30756.2	248.711
-0.0825000000001 290.476	30724	248.639
-0.0775000000001 290.701	30693.3	248.569
-0.0725000000001 290.914	30664.2	248.503
-0.0675000000001 291.116	30636.5	248.441
-0.0625000000001 291.307	30610.4	248.382
-0.0575000000001 291.487	30585.8	248.326
-0.0525000000001 291.656	30562.6	248.274
-0.0475000000001 291.815	30540.9	248.226
-0.0425000000001 291.963	30520.7	248.18
-0.0375000000001 292.101	30501.8	248.138
-0.0325000000001 292.23	30484.3	248.099
-0.0275000000001 292.348	30468.2	248.063
-0.0225000000001 292.457	30453.3	248.029
-0.0175000000001 292.557	30439.6	247.999
-0.0125000000001 292.649	30427.1	247.971
-0.00750000000008 292.732	30415.7	247.946
-0.00250000000008 292.807	30405.4	247.923
0.00249999999992 292.875	30396.1	247.903
0.00749999999992 292.936	30387.7	247.885
0.0124999999999 292.991	30380.2	247.868
0.0174999999999 293.04	30373.6	247.854
0.0224999999999 293.082	30367.7	247.841
0.0274999999999 293.12	30362.5	247.83
0.0324999999999 293.153	30358	247.821
0.0374999999999 293.182	30354.1	247.812
0.0424999999999 293.206	30350.7	247.805
0.0474999999999 293.227	30347.8	247.799
0.0524999999999 293.245	30345.3	247.794
0.0574999999999 293.26	30343.3	247.79
0.0624999999999 293.273	30341.5	247.787
0.0674999999999 293.283	30340.1	247.784
0.0724999999999 293.291	30339	247.782
0.0774999999999 293.298	30338.1	247.78
0.0824999999999 293.303	30337.3	247.779
0.0874999999999 293.307	30336.8	247.778
0.0924999999999 293.309	30336.4	247.778
0.0974999999999 293.311	30336.1	247.778
0.1025 293.313	30336	247.778
0.1075 293.313	30335.9	247.778
0.1125 293.313	30335.9	247.778
0.1175 293.313	30335.9	247.779
0.1225 293.312	30335.9	247.779
0.1275 293.312	30336.1	247.78
0.1325 293.31	30336.2	247.781
0.1375 293.309	30336.4	247.782
0.1425 293.308	30336.6	247.782
0.1475 293.306	30336.8	247.783
0.1525 293.305	30337	247.784
0.1575 293.303	30337.2	247.785
0.1625 293.302	30337.3	247.786
0.1675 293.3	30337.5	247.786
0.1725 293.299	30337.7	247.787
0.1775 293.298	30337.9	247.788
0.1825 293.297	30338.1	247.789
0.1875 293.295	30338.2	247.789
0.1925 293.294	30338.4	247.79
0.1975 293.293	30338.5	247.791
0.2025 293.292	30338.6	247.791
0.2075 293.291	30338.8	247.792
0.2125 293.291	30338.9	247.793
0.2175 293.29	30339	247.793
0.2225 293.289	30339.1	247.794
0.2275 293.288	30339.2	247.795
0.2325 293.288	30339.3	247.795
0.2375 293.287	30339.4	247.796
0.2425 293.286	30339.4	247.796
0.2475 293.286	30339.5	247.797
0.2525 293.285	30339.6	247.797
0.2575 293.285	30339.6	247.798
0.2625 293.284	30339.7	247.798
0.2675 293.284	30339.8	247.799
0.2725 293.284	30339.8	247.8
0.2775 293.283	30339.9	247.8
0.2825 293.283	30339.9	247.801
0.2875 293.283	30339.9	247.801
0.2925 293.282	30340	247.802
0.2975 293.282	30340	247.802
0.3025 293.282	30340.1	247.803
0.3075 293.282	30340.1	247.803
0.3125 293.281	30340.1	247.804
0.3175 293.281	30340.2	247.804
0.3225 293.281	30340.2	247.805
0.3275 293.281	30340.2	247.805
0.3325 293.281	30340.2	247.805
0.3375 293.28	30340.3	247.806
0.3425 293.28	30340.3	247.806
0.3475 293.28	30340.3	247.807
0.3525 293.28	30340.3	247.807
0.3575 293.28	30340.3	247.808
0.3625 293.28	30340.3	247.808
0.3675 293.28	30340.4	247.809
0.3725 293.279	30340.4	247.809
0.3775 293.279	30340.4	247.81
0.3825 293.279	30340.4	247.81
0.3875 293.279	30340.4	247.811
0.3925 293.279	30340.4	247.811
0.3975 293.279	30340.4	247.812
0.4025 293.279	30340.4	247.812
0.4075 293.279	30340.5	247.813
0.4125 293.279	30340.5	247.813
0.4175 293.279	30340.5	247.814
0.4225 293.279	30340.5	247.814
0.4275 293.279	30340.5	247.815
0.4325 293.279	30340.5	247.815
0.4375 293.279	30340.5	247.816
0.4425 293.278	30340.5	247.816
0.4475 293.278	30340.5	247.817
0.4525 293.278	30340.5	247.817
0.4575 293.278	30340.5	247.818
0.4625 293.278	30340.5	247.818
0.4675 293.278	30340.5	247.819
0.4725 293.278	30340.5	247.819
0.4775 293.278	30340.5	247.82
0.4825 293.278	30340.5	247.82
0.4875 293.278	30340.5	247.821
0.4925 293.278	30340.5	247.821
0.4975 293.278	30340.5	247.822
0.5025 293.278	30340.5	247.822
0.5075 293.278	30340.5	247.823
0.5125 293.278	30340.5	247.823
0.5175 293.278	30340.5	247.824
0.5225 293.278	30340.5	247.824
0.5275 293.278	30340.5	247.825
0.5325 293.278	30340.5	247.826
0.5375 293.278	30340.5	247.826
0.5425 293.278	30340.5	247.827
0.5475 293.278	30340.5	247.827
0.5525 293.278	30340.5	247.828
0.5575 293.278	30340.5	247.828
0.5625 293.278	30340.5	247.829
0.5675 293.278	30340.5	247.829
0.5725 293.278	30340.5	247.83
0.5775 293.278	30340.5	247.831
0.5825 293.278	30340.5	247.831
0.5875 293.278	30340.5	247.832
0.5925 293.278	30340.5	247.832
0.5975 293.278	30340.5	247.833
0.6025 293.278	30340.5	247.833
0.6075 293.278	30340.5	247.834
0.6125 293.278	30340.5	247.835
0.6175 293.278	30340.5	247.835
0.6225 293.278	30340.5	247.836
0.6275 293.278	30340.5	247.836
0.6325 293.278	30340.5	247.837
0.6375 293.278	30340.5	247.838
0.6425 293.278	30340.5	247.838
0.6475 293.278	30340.5	247.839
0.6525 293.278	30340.5	247.84
0.6575 293.278	30340.5	247.84
0.6625 293.278	30340.5	247.841
0.6675 293.278	30340.5	247.841
0.6725 293.278	30340.5	247.842
0.6775 293.278	30340.5	247.843
0.6825 293.278	30340.5	247.843
0.6875 293.278	30340.5	247.844
0.6925 293.278	30340.5	247.845
0.6975 293.278	30340.5	247.845
0.7025 293.278	30340.5	247.846
0.7075 293.279	30340.5	247.847
0.7125 293.279	30340.5	247.847
0.7175 293.279	30340.5	247.848
0.7225 293.279	30340.5	247.849
0.7275 293.279	30340.5	247.85
0.7325 293.279	30340.5	247.85
0.7375 293.279	30340.5	247.851
0.7425 293.279	30340.5	247.852
0.7475 293.279	30340.5	247.852
0.7525 293.279	30340.5	247.853
0.7575 293.279	30340.5	247.854
0.7625 293.279	30340.5	247.855
0.7675 293.279	30340.5	247.855
0.7725 293.279	30340.5	247.856
0.7775 293.279	30340.5	247.857
0.7825 293.279	30340.5	247.858
0.7875 293.279	30340.5	247.858
0.7925 293.279	30340.5	247.859
0.7975 293.279	30340.5	247.86
0.8025 293.279	30340.5	247.861
0.8075 293.279	30340.5	247.862
0.8125 293.279	30340.4	247.862
0.8175 293.279	30340.4	247.863
0.8225 293.279	30340.4	247.864
0.8275 293.279	30340.4	247.865
0.8325 293.279	30340.4	247.866
0.8375 293.279	30340.4	247.866
0.8425 293.279	30340.4	247.867
0.8475 293.279	30340.4	247.868
0.8525 293.279	30340.4	247.869
0.8575 293.279	30340.4	247.87
0.8625 293.279	30340.4	247.871
0.8675 293.279	30340.4	247.872
0.8725 293.279	30340.4	247.872
0.8775 293.279	30340.4	247.873
0.8825 293.279	30340.4	247.874
0.8875 293.279	30340.4	247.875
0.8925 293.279	30340.4	247.876
0.8975 293.279	30340.4	247.877
0.9025 293.279	30340.4	247.878
0.9075 293.279	30340.4	247.879
0.9125 293.279	30340.4	247.88
0.9175 293.279	30340.4	247.881
0.9225 293.279	30340.4	247.882
0.9275 293.279	30340.4	247.883
0.9325 293.279	30340.4	247.884
0.9375 293.279	30340.4	247.884
0.9425 293.279	30340.4	247.885
0.9475 293.279	30340.4	247.886
0.9525 293.279	30340.4	247.887
0.9575 293.279	30340.4	247.888
0.9625 293.279	30340.4	247.89
0.9675 293.279	30340.4	247.891
0.9725 293.279	30340.4	247.892
0.9775 293.279	30340.4	247.893
0.9825 293.279	30340.4	247.894
0.9875 293.279	30340.4	247.895
0.9925 293.279	30340.4	247.896
0.9975 293.279	30340.4	247.897
1.0025 293.279	30340.4	247.898
1.0075 293.279	30340.4	247.899
1.0125 293.279	30340.4	247.9
1.0175 293.279	30340.4	247.901
1.0225 293.279	30340.4	247.903
1.0275 293.279	30340.4	247.904
1.0325 293.279	30340.4	247.905
1.0375 293.279	30340.4	247.906
1.0425 293.279	30340.4	247.907
1.0475 293.279	30340.4	247.908
1.0525 293.279	30340.4	247.91
1.0575 293.279	30340.3	247.911
1.0625 293.279	30340.3	247.912
1.0675 293.28	30340.3	247.913
1.0725 293.28	30340.3	247.915
1.0775 293.28	30340.3	247.916
1.0825 293.28	30340.3	247.917
1.0875 293.28	30340.3	247.918
1.0925 293.28	30340.3	247.92
1.0975 293.28	30340.3	247.921
1.1025 293.28	30340.3	247.922
1.1075 293.28	30340.3	247.924
1.1125 293.28	30340.3	247.925
1.1175 293.28	30340.3	247.926
1.1225 293.28	30340.3	247.928
1.1275 293.28	30340.3	247.929
1.1325 293.28	30340.3	247.931
1.1375 293.28	30340.3	247.932
1.1425 293.28	30340.3	247.934
1.1475 293.28	30340.3	247.935
1.1525 293.28	30340.3	247.937
1.1575 293.28	30340.3	247.938
1.1625 293.28	30340.3	247.94
1.1675 293.28	30340.3	247.941
1.1725 293.28	30340.3	247.943
1.1775 293.28	30340.3	247.944
1.1825 293.28	30340.3	247.946
1.1875 293.28	30340.3	247.947
1.1925 293.28	30340.3	247.949
1.1975 293.28	30340.3	247.951
1.2025 293.28	30340.3	247.952
1.2075 293.28	30340.3	247.954
1.2125 293.28	30340.3	247.956
1.2175 293.28	30340.3	247.957
1.2225 293.28	30340.3	247.959
1.2275 293.28	30340.3	247.961
1.2325 293.28	30340.3	247.963
1.2375 293.28	30340.3	247.964
1.2425 293.28	30340.3	247.966
1.2475 293.28	30340.3	247.968
1.2525 293.28	30340.3	247.97
1.2575 293.28	30340.3	247.972
1.2625 293.28	30340.3	247.974
1.2675 293.28	30340.3	247.976
1.2725 293.28	30340.3	247.978
1.2775 293.28	30340.3	247.98
1.2825 293.28	30340.3	247.982
1.2875 293.28	30340.3	247.984
1.2925 293.28	30340.3	247.986
1.2975 293.28	30340.3	247.988
1.3025 293.28	30340.3	247.99
1.3075 293.28	30340.3	247.992
1.3125 293.28	30340.3	247.994
1.3175 293.28	30340.3	247.996
1.3225 293.28	30340.3	247.999
1.3275 293.28	30340.3	248.001
1.3325 293.28	30340.3	248.003
1.3375 293.28	30340.3	248.006
1.3425 293.28	30340.3	248.008
1.3475 293.28	30340.3	248.01
1.3525 293.28	30340.3	248.013
1.3575 293.28	30340.3	248.015
1.3625 293.28	30340.3	248.018
1.3675 293.28	30340.3	248.02
1.3725 293.28	30340.3	248.023
1.3775 293.28	30340.3	248.025
1.3825 293.28	30340.3	248.028
1.3875 293.28	30340.3	248.031
1.3925 293.28	30340.3	248.033
1.3975 293.28	30340.2	248.036
1.4025 293.28	30340.2	248.039
1.4075 293.28	30340.2	248.042
1.4125 293.28	30340.2	248.045
1.4175 293.28	30340.2	248.048
1.4225 293.28	30340.2	248.051
1.4275 293.28	30340.2	248.054
1.4325 293.28	30340.2	248.057
1.4375 293.28	30340.2	248.06
1.4425 293.28	30340.2	248.063
1.4475 293.28	30340.2	248.066
1.4525 293.28	30340.2	248.069
1.4575 293.28	30340.2	248.073
1.4625 293.28	30340.2	248.076
1.4675 293.28	30340.2	248.079
1.4725 293.28	30340.2	248.083
1.4775 293.28	30340.2	248.087
1.4825 293.28	30340.2	248.09
1.4875 293.28	30340.2	248.094
1.4925 293.28	30340.2	248.098
1.4975 293.28	30340.2	248.101
1.5025 293.28	30340.2	248.105
1.5075 293.28	30340.2	248.109
1.5125 293.28	30340.2	248.113
1.5175 293.28	30340.2	248.117
1.5225 293.28	30340.2	248.122
1.5275 293.28	30340.2	248.126
1.5325 293.28	30340.2	248.13
1.5375 293.28	30340.2	248.135
1.5425 293.28	30340.2	248.139
1.5475 293.28	30340.2	248.144
1.5525 293.28	30340.2	248.148
1.5575 293.28	30340.2	248.153
1.5625 293.28	30340.2	248.158
1.5675 293.28	30340.2	248.163
1.5725 293.28	30340.2	248.168
1.5775 293.28	30340.2	248.173
1.5825 293.28	30340.2	248.179
1.5875 293.28	30340.2	248.184
1.5925 293.28	30340.2	248.19
1.5975 293.28	30340.2	248.195
1.6025 293.28	30340.2	248.201
1.6075 293.28	30340.2	248.207
1.6125 293.28	30340.2	248.213
1.6175 293.28	30340.2	248.219
1.6225 293.28	30340.2	248.226
1.6275 293.28	30340.2	248.232
1.6325 293.28	30340.2	248.239
1.6375 293.28	30340.2	248.246
1.6425 293.28	30340.2	248.253
1.6475 293.28	30340.2	248.26
1.6525 293.28	30340.2	248.268
1.6575 293.28	30340.2	248.275
1.6625 293.28	30340.2	248.283
1.6675 293.28	30340.2	248.291
1.6725 293.28	30340.2	248.299
1.6775 293.28	30340.2	248.308
1.6825 293.28	30340.2	248.316
1.6875 293.28	30340.2	248.325
1.6925 293.28	30340.2	248.335
1.6975 293.28	30340.2	248.344
1.7025 293.28	30340.2	248.354
1.7075 293.28	30340.2	248.364
1.7125 293.28	30340.2	248.375
1.7175 293.28	30340.2	248.385
1.7225 293.28	30340.2	248.397
1.7275 293.28	30340.2	248.408
1.7325 293.28	30340.2	248.42
1.7375 293.28	30340.2	248.433
1.7425 293.28	30340.2	248.446
1.7475 293.28	30340.2	248.459
1.7525 293.28	30340.2	248.473
1.7575 293.28	30340.2	248.488
1.7625 293.28	30340.2	248.503
1.7675 293.28	30340.2	248.519
1.7725 293.28	30340.2	248.536
1.7775 293.28	30340.2	248.554
1.7825 293.28	30340.2	248.574
1.7875 293.28	30340.2	248.595
1.7925 293.28	30340.2	248.617
1.7975 293.28	30340.2	248.642
1.8025 293.28	30340.2	248.669
1.8075 293.28	30340.1	248.699
1.8125 293.28	30340.1	248.732
1.8175 293.28	30340.1	248.77
1.8225 293.28	30340.1	248.813
1.8275 293.28	30340.1	248.862
1.8325 293.28	30340.1	248.919
1.8375 293.28	30340.1	248.984
1.8425 293.28	30340.1	249.061
1.8475 293.28	30340.1	249.15
1.8525 293.28	30340.1	249.254
1.8575 293.28	30340	249.375
1.8625 293.28	30340	249.517
1.8675 293.28	30340	249.682
1.8725 293.28	30340	249.875
1.8775 293.28	30340	250.099
1.8825 293.28	30339.9	250.358
1.8875 293.28	30339.9	250.657
1.8925 293.28	30339.9	251.001
1.8975 293.28	30339.8	251.396
1.9025 293.28	30339.8	251.847
1.9075 293.28	30339.8	252.359
1.9125 293.28	30339.7	252.939
1.9175 293.28	30339.7	253.593
1.9225 293.28	30339.6	254.328
1.9275 293.28	30339.6	255.149
1.9325 293.28	30339.5	256.063
1.9375 293.279	30339.5	257.077
1.9425 293.279	30339.5	258.197
1.9475 293.279	30339.4	259.428
1.9525 293.279	30339.4	260.777
1.9575 293.279	30339.3	262.248
1.9625 293.278	30339.3	263.847
1.9675 293.278	30339.3	265.577
1.9725 293.278	30339.2	267.443
1.9775 293.277	30339.2	269.447
1.9825 293.277	30339.2	271.591
1.9875 293.276	30339.2	273.877
1.9925 293.276	30339.2	276.306
1.9975 293.275	30339.1	278.875
2.0025 293.275	30339.1	281.584
2.0075 293.275	30339.2	284.429
2.0125 293.274	30339.2	287.406
2.0175 293.274	30339.2	290.51
2.0225 293.274	30339.2	293.733
2.0275 293.273	30339.2	297.068
2.0325 293.273	30339.3	300.506
2.0375 293.273	30339.3	304.035
2.0425 293.273	30339.4	307.644
2.0475 293.273	30339.5	311.32
2.0525 293.273	30339.5	315.05
2.0575 293.273	30339.6	318.818
2.0625 293.273	30339.7	322.609
2.0675 293.273	30339.8	326.408
2.0725 293.273	30339.8	330.198
2.0775 293.273	30339.9	333.962
2.0825 293.274	30340	337.686
2.0875 293.274	30340.1	341.353
2.0925 293.274	30340.2	344.948
2.0975 293.275	30340.2	348.457
2.1025 293.275	30340.3	351.866
2.1075 293.276	30340.4	355.164
2.1125 293.276	30340.4	358.34
2.1175 293.276	30340.5	361.385
2.1225 293.277	30340.5	364.291
2.1275 293.277	30340.6	367.052
2.1325 293.278	30340.6	369.664
2.1375 293.278	30340.6	372.124
2.1425 293.278	30340.6	374.43
2.1475 293.278	30340.6	376.583
2.1525 293.279	30340.6	378.585
2.1575 293.279	30340.6	380.438
2.1625 293.279	30340.6	382.146
2.1675 293.279	30340.6	383.714
2.1725 293.279	30340.6	385.148
2.1775 293.279	30340.6	386.454
2.1825 293.28	30340.5	387.639
2.1875 293.28	30340.5	388.709
2.1925 293.28	30340.5	389.673
2.1975 293.28	30340.5	390.537
2.2025 293.28	30340.4	391.309
2.2075 293.28	30340.4	391.997
2.2125 293.28	30340.4	392.606
2.2175 293.28	30340.3	393.145
2.2225 293.28	30340.3	393.62
2.2275 293.28	30340.3	394.036
2.2325 293.28	30340.3	394.401
2.2375 293.28	30340.2	394.718
2.2425 293.28	30340.2	394.994
2.2475 293.28	30340.2	395.233
2.2525 293.28	30340.2	395.439
2.2575 293.28	30340.2	395.616
2.2625 293.28	30340.2	395.767
2.2675 293.28	30340.2	395.897
2.2725 293.28	30340.1	396.007
2.2775 293.28	30340.1	396.101
2.2825 293.28	30340.1	396.18
2.2875 293.28	30340.1	396.246
2.2925 293.28	30340.1	396.302
2.2975 293.28	30340.1	396.348
2.3025 293.28	30340.1	396.387
2.3075 293.28	30340.1	396.419
2.3125 293.28	30340.1	396.445
2.3175 293.28	30340.1	396.467
2.3225 293.28	30340.1	396.485
2.3275 293.28	30340.1	396.499
2.3325 293.28	30340.1	396.511
2.3375 293.28	30340.1	396.521
2.3425 293.28	30340.1	396.528
2.3475 293.28	30340.1	396.534
2.3525 293.28	30340.1	396.539
2.3575 293.28	30340.1	396.542
2.3625 293.28	30340.1	396.545
2.3675 293.28	30340	396.547
2.3725 293.28	30340	396.549
2.3775 293.28	30340	396.55
2.3825 293.28	30340	396.551
2.3875 293.28	30340	396.551
2.3925 293.28	30340	396.552
2.3975 293.28	30340	396.552
2.4025 293.28	30340	396.552
2.4075 293.28	30340	396.552
2.4125 293.28	30340	396.552
2.4175 293.28	30340	396.552
2.4225 293.28	30340	396.552
2.4275 293.28	30340	396.552
2.4325 293.28	30340	396.552
2.4375 293.28	30340	396.552
2.4425 293.28	30340	396.551
2.4475 293.28	30340	396.551
2.4525 293.28	30340	396.551
2.4575 293.28	30340	396.551
2.4625 293.28	30340	396.551
2.4675 293.28	30340	396.551
2.4725 293.28	30340	396.551
2.4775 293.28	30340	396.551
2.4825 293.28	30340	396.551
2.4875 293.28	30340	396.551
2.4925 293.28	30340	396.551
2.4975 293.28	30340	396.551
2.5025 293.28	30340	396.551
2.5075 293.28	30340	396.551
2.5125 293.28	30340	396.551
2.5175 293.28	30340	396.551
2.5225 293.28	30340	396.551
2.5275 293.28	30340	396.551
2.5325 293.28	30340	396.552
2.5375 293.28	30340	396.552
2.5425 293.28	30340	396.552
2.5475 293.28	30340	396.552
2.5525 293.28	30340	396.552
2.5575 293.28	30340	396.552
2.5625 293.28	30340	396.552
2.5675 293.28	30340	396.552
2.5725 293.28	30340	396.552
2.5775 293.28	30340	396.552
2.5825 293.28	30340	396.553
2.5875 293.28	30340	396.553
2.5925 293.28	30340	396.553
2.5975 293.28	30340	396.553
2.6025 293.28	30340	396.553
2.6075 293.28	30340	396.553
2.6125 293.279	30340	396.553
2.6175 293.279	30340	396.553
2.6225 293.279	30340	396.553
2.6275 293.279	30340	396.554
2.6325 293.279	30340	396.554
2.6375 293.279	30340	396.554
2.6425 293.279	30340	396.554
2.6475 293.279	30340	396.554
2.6525 293.279	30340	396.554
2.6575 293.279	30340	396.554
2.6625 293.279	30340	396.554
2.6675 293.279	30340	396.554
2.6725 293.279	30340	396.555
2.6775 293.279	30340	396.555
2.6825 293.279	30340	396.555
2.6875 293.279	30340	396.555
2.6925 293.279	30340	396.555
2.6975 293.279	30340	396.555
2.7025 293.279	30340	396.555
2.7075 293.279	30340	396.555
2.7125 293.279	30340	396.555
2.7175 293.279	30340	396.555
2.7225 293.279	30340	396.555
2.7275 293.279	30340	396.556
2.7325 293.279	30340	396.556
2.7375 293.279	30340	396.556
2.7425 293.279	30340	396.556
2.7475 293.279	30340	396.556
2.7525 293.279	30340	396.556
2.7575 293.279	30340	396.556
2.7625 293.279	30340	396.556
2.7675 293.279	30340	396.556
2.7725 293.279	30340	396.556
2.7775 293.279	30340	396.556
2.7825 293.279	30340	396.556
2.7875 293.279	30340	396.557
2.7925 293.279	30340	396.557
2.7975 293.279	30340	396.557
2.8025 293.279	30340	396.557
2.8075 293.279	30340	396.557
2.8125 293.279	30340	396.557
2.8175 293.279	30340	396.557
2.8225 293.279	30340	396.557
2.8275 293.279	30339.9	396.557
2.8325 293.279	30339.9	396.557
2.8375 293.279	30339.9	396.557
2.8425 293.279	30339.9	396.557
2.8475 293.279	30339.9	396.557
2.8525 293.279	30339.9	396.557
2.8575 293.279	30339.9	396.557
2.8625 293.279	30339.9	396.558
2.8675 293.279	30339.9	396.558
2.8725 293.279	30339.9	396.558
2.8775 293.279	30339.9	396.558
2.8825 293.279	30339.9	396.558
2.8875 293.279	30339.9	396.558
2.8925 293.279	30339.9	396.558
2.8975 293.279	30339.9	396.558
2.9025 293.279	30339.9	396.558
2.9075 293.279	30339.9	396.558
2.9125 293.279	30339.9	396.558
2.9175 293.279	30339.9	396.558
2.9225 293.279	30339.9	396.558
2.9275 293.279	30339.9	396.558
2.9325 293.279	30339.9	396.558
2.9375 293.279	30339.9	396.558
2.9425 293.279	30339.9	396.558
2.9475 293.279	30339.9	396.558
2.9525 293.279	30339.9	396.558
2.9575 293.279	30339.9	396.558
2.9625 293.279	30339.9	396.559
2.9675 293.279	30339.9	396.559
2.9725 293.279	30339.9	396.559
2.9775 293.279	30339.9	396.559
2.9825 293.279	30339.9	396.559
2.9875 293.279	30339.9	396.559
2.9925 293.279	30339.9	396.559
2.9975 293.279	30339.9	396.559
3.0025 293.279	30339.9	396.559
3.0075 293.279	30339.9	396.559
3.0125 293.279	30339.9	396.559
3.0175 293.279	30339.9	396.559
3.0225 293.279	30339.9	396.559
3.0275 293.279	30339.9	396.559
3.0325 293.279	30339.9	396.559
3.0375 293.278	30339.9	396.559
3.0425 293.278	30339.9	396.559
3.0475 293.278	30339.9	396.559
3.0525 293.278	30339.9	396.559
3.0575 293.278	30339.9	396.559
3.0625 293.278	30339.9	396.559
3.0675 293.278	30339.9	396.559
3.0725 293.278	30339.9	396.559
3.0775 293.278	30339.9	396.559
3.0825 293.278	30339.9	396.559
3.0875 293.278	30339.9	396.559
3.0925 293.278	30339.9	396.559
3.0975 293.278	30339.9	396.559
3.1025 293.278	30339.9	396.559
3.1075 293.278	30339.9	396.559
3.1125 293.278	30339.8	396.559
3.1175 293.278	30339.8	396.559
3.1225 293.278	30339.8	396.559
3.1275 293.278	30339.8	396.559
3.1325 293.278	30339.8	396.56
3.1375 293.278	30339.8	396.56
3.1425 293.278	30339.8	396.56
3.1475 293.278	30339.8	396.56
3.1525 293.278	30339.8	396.56
3.1575 293.278	30339.8	396.56
3.1625 293.278	30339.8	396.56
3.1675 293.278	30339.8	396.56
3.1725 293.278	30339.8	396.56
3.1775 293.278	30339.8	396.56
3.1825 293.278	30339.8	396.56
3.1875 293.278	30339.8	396.56
3.1925 293.278	30339.8	396.56
3.1975 293.278	30339.8	396.56
3.2025 293.278	30339.8	396.56
3.2075 293.278	30339.8	396.56
3.2125 293.278	30339.8	396.56
3.2175 293.278	30339.8	396.56
3.2225 293.278	30339.8	396.56
3.2275 293.278	30339.8	396.56
3.2325 293.278	30339.8	396.56
3.2375 293.278	30339.8	396.56
3.2425 293.278	30339.8	396.56
3.2475 293.278	30339.8	396.56
3.2525 293.278	30339.8	396.56
3.2575 293.278	30339.8	396.56
3.2625 293.278	30339.8	396.56
3.2675 293.278	30339.8	396.56
3.2725 293.278	30339.8	396.56
3.2775 293.277	30339.8	396.56
3.2825 293.277	30339.8	396.56
3.2875 293.277	30339.8	396.56
3.2925 293.277	30339.8	396.56
3.2975 293.277	30339.8	396.56
3.3025 293.277	30339.7	396.56
3.3075 293.277	30339.7	396.56
3.3125 293.277	30339.7	396.56
3.3175 293.277	30339.7	396.56
3.3225 293.277	30339.7	396.56
3.3275 293.277	30339.7	396.56
3.3325 293.277	30339.7	396.56
3.3375 293.277	30339.7	396.56
3.3425 293.277	30339.7	396.56
3.3475 293.277	30339.7	396.56
3.3525 293.277	30339.7	396.56
3.3575 293.277	30339.7	396.56
3.3625 293.277	30339.7	396.56
3.3675 293.277	30339.7	396.56
3.3725 293.277	30339.7	396.56
3.3775 293.277	30339.7	396.56
3.3825 293.277	30339.7	396.56
3.3875 293.277	30339.7	396.56
3.3925 293.277	30339.7	396.56
3.3975 293.277	30339.7	396.56
3.4025 293.277	30339.7	396.56
3.4075 293.277	30339.7	396.56
3.4125 293.277	30339.7	396.56
3.4175 293.277	30339.7	396.56
3.4225 293.277	30339.7	396.56
3.4275 293.277	30339.7	396.56
3.4325 293.277	30339.7	396.56
3.4375 293.276	30339.7	396.56
3.4425 293.276	30339.6	396.56
3.4475 293.276	30339.6	396.56
3.4525 293.276	30339.6	396.56
3.4575 293.276	30339.6	396.56
3.4625 293.276	30339.6	396.56
3.4675 293.276	30339.6	396.56
3.4725 293.276	30339.6	396.56
3.4775 293.276	30339.6	396.56
3.4825 293.276	30339.6	396.56
3.4875 293.276	30339.6	396.56
3.4925 293.276	30339.6	396.56
3.4975 293.276	30339.6	396.56
3.5025 293.276	30339.6	396.56
3.5075 293.276	30339.6	396.56
3.5125 293.276	30339.6	396.56
3.5175 293.276	30339.6	396.56
3.5225 293.276	30339.6	396.56
3.5275 293.276	30339.6	396.56
3.5325 293.276	30339.6	396.56
3.5375 293.276	30339.6	396.56
3.5425 293.276	30339.6	396.56
3.5475 293.276	30339.6	396.56
3.5525 293.276	30339.5	396.56
3.5575 293.275	30339.5	396.56
3.5625 293.275	30339.5	396.56
3.5675 293.275	30339.5	396.56
3.5725 293.275	30339.5	396.56
3.5775 293.275	30339.5	396.56
3.5825 293.275	30339.5	396.56
3.5875 293.275	30339.5	396.56
3.5925 293.275	30339.5	396.56
3.5975 293.275	30339.5	396.56
3.6025 293.275	30339.5	396.56
3.6075 293.275	30339.5	396.56
3.6125 293.275	30339.5	396.56
3.6175 293.275	30339.5	396.56
3.6225 293.275	30339.5	396.56
3.6275 293.275	30339.5	396.56
3.6325 293.275	30339.5	396.56
3.6375 293.275	30339.5	396.56
3.6425 293.275	30339.4	396.56
3.6475 293.275	30339.4	396.56
3.6525 293.274	30339.4	396.56
3.6575 293.274	30339.4	396.56
3.6625 293.274	30339.4	396.56
3.6675 293.274	30339.4	396.56
3.6725 293.274	30339.4	396.56
3.6775 293.274	30339.4	396.56
3.6825 293.274	30339.4	396.56
3.6875 293.274	30339.4	396.56
3.6925 293.274	30339.4	396.56
3.6975 293.274	30339.4	396.56
3.7025 293.274	30339.4	396.56
3.7075 293.274	30339.4	396.56
3.7125 293.274	30339.4	396.56
3.7175 293.274	30339.3	396.559
3.7225 293.274	30339.3	396.559
3.7275 293.273	30339.3	396.559
3.7325 293.273	30339.3	396.559
3.7375 293.273	30339.2	396.559
3.7425 293.272	30339.1	396.559
3.7475 293.271	30338.9	396.558
3.7525 293.269	30338.7	396.557
3.7575 293.265	30338.2	396.555
3.7625 293.26	30337.5	396.552
3.7675 293.251	30336.4	396.548
3.7725 293.237	30334.6	396.541
3.7775 293.216	30331.9	396.529
3.7825 293.182	30327.7	396.512
3.7875 293.129	30321.1	396.486
3.7925 293.048	30311.1	396.445
3.7975 292.924	30295.8	396.383
3.8025 292.734	30272.6	396.289
3.8075 292.444	30237.4	396.147
3.8125 292.006	30184.6	395.932
3.8175 291.346	30105.4	395.61
3.8225 290.355	29987.5	395.129
3.8275 288.872	29812.8	394.413
3.8325 286.663	29555.6	393.35
3.8375 283.387	29180	391.782
3.8425 278.552	28637	389.479
3.8475 271.458	27862.7	386.119
3.8525 261.133	26779.2	381.259
3.8575 246.276	25302.8	374.322
3.8625 225.294	23368.3	364.64
3.8675 196.611	20977.2	351.67
3.8725 159.645	18271.5	335.589
3.8775 116.711	15577.4	318.121
3.8825 74.4422	13306.6	302.409
3.8875 41.01	11721.9	291.085
3.8925 19.9394	10802.7	284.494
3.8975 8.87158	10346.1	281.238
3.9025 3.73136	10142.8	279.784
3.9075 1.52141	10057.7	279.169
3.9125 0.611366	10023.1	278.916
3.9175 0.244212	10009.2	278.814
3.9225 0.097335	10003.7	278.773
3.9275 0.0387652	10001.5	278.757
3.9325 0.0154352	10000.6	278.75
3.9375 0.00614544	10000.2	278.748
3.9425 0.00244675	10000.1	278.747
3.9475 0.000974149	10000	278.746
3.9525 0.000387849	10000	278.746
3.9575 0.000154419	10000	278.746
3.9625 6.14809e-05	10000	278.746
3.9675 2.44782e-05	10000	278.746
3.9725 9.74584e-06	10000	278.746
3.9775 3.88024e-06	10000	278.746
3.9825 1.54489e-06	10000	278.746
3.9875 6.15091e-07	10000	278.746
3.9925 2.44896e-07	10000	278.746
3.9975 9.75053e-08	10000	278.746
4.0025 3.88221e-08	10000	278.746
4.0075 1.54584e-08	10000	278.746
4.0125 6.15553e-09	10000	278.746
4.0175 2.4521e-09	10000	278.746
4.0225 9.77701e-10	10000	278.746
4.0275 3.89977e-10	10000	278.746
4.0325 1.57135e-10	10000	278.746
4.0375 6.30464e-11	10000	278.746
4.0425 2.66948e-11	10000	278.746
4.0475 1.13781e-11	10000	278.746
4.0525 6.06833e-12	10000	278.746
4.0575 3.53013e-12	10000	278.746
4.0625 2.50902e-12	10000	278.746
4.0675 2.50902e-12	10000	278.746
4.0725 1.80883e-12	10000	278.746
4.0775 2.27562e-12	10000	278.746
4.0825 1.57543e-12	10000	278.746
4.0875 2.01305e-12	10000	278.746
4.0925 1.80883e-12	10000	278.746
4.0975 1.838e-12	10000	278.746
4.1025 2.0714e-12	10000	278.746
4.1075 1.57543e-12	10000	278.746
4.1125 2.15892e-12	10000	278.746
4.1175 1.54626e-12	10000	278.746
4.1225 2.15892e-12	10000	278.746
4.1275 1.69213e-12	10000	278.746
4.1325 2.12975e-12	10000	278.746
4.1375 1.63378e-12	10000	278.746
4.1425 1.92553e-12	10000	278.746
4.1475 1.838e-12	10000	278.746
4.1525 1.7213e-12	10000	278.746
4.1575 1.92553e-12	10000	278.746
4.1625 1.838e-12	10000	278.746
4.1675 1.838e-12	10000	278.746
4.1725 1.75048e-12	10000	278.746
4.1775 1.838e-12	10000	278.746
4.1825 1.54626e-12	10000	278.746
4.1875 1.838e-12	10000	278.746
4.1925 1.34203e-12	10000	278.746
4.1975 1.54626e-12	10000	278.746
4.2025 1.45873e-12	10000	278.746
4.2075 1.54626e-12	10000	278.746
4.2125 1.40038e-12	10000	278.746
4.2175 1.42956e-12	10000	278.746
4.2225 1.57543e-12	10000	278.746
4.2275 1.51708e-12	10000	278.746
4.2325 1.45873e-12	10000	278.746
4.2375 1.86718e-12	10000	278.746
4.2425 1.45873e-12	10000	278.746
4.2475 1.63378e-12	10000	278.746
4.2525 1.34203e-12	10000	278.746
4.2575 1.80883e-12	10000	278.746
4.2625 1.60461e-12	10000	278.746
4.2675 1.63378e-12	10000	278.746
4.2725 2.0714e-12	10000	278.746
4.2775 1.75048e-12	10000	278.746
4.2825 1.77965e-12	10000	278.746
4.2875 1.80883e-12	10000	278.746
4.2925 2.04222e-12	10000	278.746
4.2975 1.9547e-12	10000	278.746
4.3025 1.69213e-12	10000	278.746
4.3075 1.98388e-12	10000	278.746
4.3125 1.66295e-12	10000	278.746
4.3175 2.36315e-12	10000	278.746
4.3225 1.37121e-12	10000	278.746
4.3275 2.4215e-12	10000	278.746
4.3325 1.25451e-12	10000	278.746
4.3375 2.36315e-12	10000	278.746
4.3425 1.42956e-12	10000	278.746
4.3475 2.15892e-12	10000	278.746
4.3525 1.69213e-12	10000	278.746
4.3575 2.21727e-12	10000	278.746
4.3625 1.7213e-12	10000	278.746
4.3675 2.24645e-12	10000	278.746
4.3725 1.838e-12	10000	278.746
4.3775 2.47984e-12	10000	278.746
4.3825 1.69213e-12	10000	278.746
4.3875 2.68407e-12	10000	278.746
4.3925 1.80883e-12	10000	278.746
4.3975 2.91746e-12	10000	278.746
4.4025 1.60461e-12	10000	278.746
4.4075 3.29673e-12	10000	278.746
4.4125 1.86718e-12	10000	278.746
4.4175 3.12169e-12	10000	278.746
4.4225 2.21727e-12	10000	278.746
4.4275 3.03416e-12	10000	278.746
4.4325 2.59654e-12	10000	278.746
4.4375 2.85911e-12	10000	278.746
4.4425 2.88829e-12	10000	278.746
4.4475 2.56737e-12	10000	278.746
4.4525 3.03416e-12	10000	278.746
4.4575 2.27562e-12	10000	278.746
4.4625 2.97581e-12	10000	278.746
4.4675 2.56737e-12	10000	278.746
4.4725 2.65489e-12	10000	278.746
4.4775 2.71324e-12	10000	278.746
4.4825 2.4215e-12	10000	278.746
4.4875 2.53819e-12	10000	278.746
4.4925 2.50902e-12	10000	278.746
4.4975 2.56737e-12	10000	278.746
4.5025 2.71324e-12	10000	278.746
4.5075 2.47984e-12	10000	278.746
4.5125 2.91746e-12	10000	278.746
4.5175 2.82994e-12	10000	278.746
4.5225 3.09251e-12	10000	278.746
4.5275 2.74242e-12	10000	278.746
4.5325 3.23839e-12	10000	278.746
4.5375 3.00499e-12	10000	278.746
4.5425 3.29673e-12	10000	278.746
4.5475 2.88829e-12	10000	278.746
4.5525 3.15086e-12	10000	278.746
4.5575 2.82994e-12	10000	278.746
4.5625 3.18004e-12	10000	278.746
4.5675 3.20921e-12	10000	278.746
4.5725 3.32591e-12	10000	278.746
4.5775 2.97581e-12	10000	278.746
4.5825 2.94664e-12	10000	278.746
4.5875 2.97581e-12	10000	278.746
4.5925 3.26756e-12	10000	278.746
4.5975 3.18004e-12	10000	278.746
4.6025 3.15086e-12	10000	278.746
4.6075 3.35508e-12	10000	278.746
4.6125 2.56737e-12	10000	278.746
4.6175 3.64683e-12	10000	278.746
4.6225 2.82994e-12	10000	278.746
4.6275 3.58848e-12	10000	278.746
4.6325 2.62572e-12	10000	278.746
4.6375 3.26756e-12	10000	278.746
4.6425 2.56737e-12	10000	278.746
4.6475 3.32591e-12	10000	278.746
4.6525 2.4215e-12	10000	278.746
4.6575 3.03416e-12	10000	278.746
4.6625 2.36315e-12	10000	278.746
4.6675 2.74242e-12	10000	278.746
4.6725 2.3048e-12	10000	278.746
4.6775 2.56737e-12	10000	278.746
4.6825 2.21727e-12	10000	278.746
4.6875 2.1881e-12	10000	278.746
4.6925 2.39232e-12	10000	278.746
4.6975 1.77965e-12	10000	278.746
4.7025 2.15892e-12	10000	278.746
4.7075 1.77965e-12	10000	278.746
4.7125 2.1881e-12	10000	278.746
4.7175 1.9547e-12	10000	278.746
4.7225 1.80883e-12	10000	278.746
4.7275 2.1881e-12	10000	278.746
4.7325 2.10057e-12	10000	278.746
4.7375 2.24645e-12	10000	278.746
4.7425 1.89635e-12	10000	278.746
4.7475 2.45067e-12	10000	278.746
4.7525 1.98388e-12	10000	278.746
4.7575 2.71324e-12	10000	278.746
4.7625 2.27562e-12	10000	278.746
4.7675 2.59654e-12	10000	278.746
4.7725 2.33397e-12	10000	278.746
4.7775 2.50902e-12	10000	278.746
4.7825 2.1881e-12	10000	278.746
4.7875 2.65489e-12	10000	278.746
4.7925 2.33397e-12	10000	278.746
4.7975 2.68407e-12	10000	278.746
4.8025 2.4215e-12	10000	278.746
4.8075 2.77159e-12	10000	278.746
4.8125 2.36315e-12	10000	278.746
4.8175 2.80077e-12	10000	278.746
4.8225 2.50902e-12	10000	278.746
4.8275 2.97581e-12	10000	278.746
4.8325 2.47984e-12	10000	278.746
4.8375 2.91746e-12	10000	278.746
4.8425 2.88829e-12	10000	278.746
4.8475 2.65489e-12	10000	278.746
4.8525 3.00499e-12	10000	278.746
4.8575 2.74242e-12	10000	278.746
4.8625 2.80077e-12	10000	278.746
4.8675 2.88829e-12	10000	278.746
4.8725 2.59654e-12	10000	278.746
4.8775 3.12169e-12	10000	278.746
4.8825 2.82994e-12	10000	278.746
4.8875 2.80077e-12	10000	278.746
4.8925 2.47984e-12	10000	278.746
4.8975 3.18004e-12	10000	278.746
4.9025 2.21727e-12	10000	278.746
4.9075 3.03416e-12	10000	278.746
4.9125 2.45067e-12	10000	278.746
4.9175 3.06334e-12	10000	278.746
4.9225 2.36315e-12	10000	278.746
4.9275 2.82994e-12	10000	278.746
4.9325 2.39232e-12	10000	278.746
4.9375 2.50902e-12	10000	278.746
4.9425 2.53819e-12	10000	278.746
4.9475 2.33397e-12	10000	278.746
4.9525 2.65489e-12	10000	278.746
4.9575 2.21727e-12	10000	278.746
4.9625 2.68407e-12	10000	278.746
4.9675 2.04222e-12	10000	278.746
4.9725 2.39232e-12	10000	278.746
4.9775 2.10057e-12	10000	278.746
4.9825 2.27562e-12	10000	278.746
4.9875 2.53819e-12	10000	278.746
4.9925 2.21727e-12	10000	278.746
4.9975 2.45067e-12	10000	278.746
